> x <- c(1,2,3,4,5)
> y <- c(7,8,9,6,10)
> ig <- matrix(x,y,nrow=5, ncol=5)
> dim(ig)
[1] 5 5
> ig
     [,1] [,2] [,3] [,4] [,5]
[1,]    1    2    3    4    5
[2,]    1    2    3    4    5
[3,]    1    2    3    4    5
[4,]    1    2    3    4    5
[5,]    1    2    3    4    5
> rbind(x,y)
  [,1] [,2] [,3] [,4] [,5]
x    1    2    3    4    5
y    7    8    9    6   10
> cbind(x,y)
     x  y
[1,] 1  7
[2,] 2  8
[3,] 3  9
[4,] 4  6
[5,] 5 10
